GOPR0372_07_00 100 0 47
GOPR0372_07_01 75 0 601
GOPR0374_11_00 150 0 1
GOPR0374_11_01 80 0 203
GOPR0374_11_02 100 0 541
GOPR0374_11_03 48 0 2481
GOPR0378_13_00 110 0 41
GOPR0379_11_00 100 0 188
GOPR0380_11_00 60 0 134
GOPR0384_11_01 100 0 951
GOPR0384_11_02 100 0 1301
GOPR0384_11_03 100 0 2101
GOPR0384_11_04 100 0 2801
GOPR0385_11_00 100 0 101
GOPR0386_11_00 100 0 247
GOPR0477_11_00 80 0 1
GOPR0857_11_00 100 0 1
GOPR0868_11_01 100 0 221
GOPR0868_11_02 100 0 681
GOPR0871_11_01 100 0 181
GOPR0881_11_00 100 0 1
GOPR0884_11_00 100 0 186
